   2.0000000e+00  -1.2283325e+00  -1.0763384e+00   8.0490634e-01   5.9497558e-01  -1.9821696e+00   3.4492157e-01  -2.5025753e-01  -9.8860879e-01  -1.5273490e+00   7.1555200e-01
   1.0000000e+00  -4.6330046e-01   1.1657986e+00  -3.2176634e-01   7.5392877e-01  -1.7723583e-01   6.4583102e-02   3.0621184e-01   3.5450432e-01  -1.3189408e+00   1.1529037e+00
   2.0000000e+00  -9.1617662e-01  -2.1173666e+00  -1.3354727e+00   1.5488133e-01  -1.7741779e+00  -1.0845037e+00   4.1044378e-01  -8.1216281e-01   1.0599673e+00  -1.6122316e+00
   2.0000000e+00   5.4838725e-01  -3.8760113e-01  -4.5498843e-02  -7.1476171e-01   5.5609266e-01   3.0649261e-01  -1.9500074e+00  -5.2803149e-01  -2.6595227e-01   4.4097315e-01
   2.0000000e+00   6.5678222e-01  -9.8713014e-01   8.5802381e-01   2.7720659e-01   8.5779335e-01  -2.3565321e-01  -3.9560996e-01   4.5125252e-01  -3.8042175e-02  -1.0071009e+00
   2.0000000e+00  -1.3583246e+00  -7.8330262e-02  -5.9374904e-01   8.8508433e-01   1.0196635e-01   2.4324406e-01   1.0876777e-01   7.9034071e-01  -8.9835365e-01   1.4812652e+00
   2.0000000e+00   8.3279544e-01   2.2847302e-01  -6.9940821e-01  -2.0658605e+00  -2.4642292e+00  -8.0827250e-01   6.9661427e-01  -1.0366654e+00   2.0426813e+00   7.7156134e-01
   2.0000000e+00  -9.2331006e-02   1.2773872e+00  -1.3288873e+00  -1.1577529e+00  -3.9621475e-01   2.6249224e-01   5.9954253e-01   1.2852295e+00   3.4743977e-01  -1.2520225e-01
   2.0000000e+00  -9.8635567e-02   7.7436650e-01   2.6546287e-01  -1.3827384e+00   8.1373964e-01  -1.0649463e+00  -2.6402057e-01   3.4450729e-01   1.9280465e+00   1.2926560e+00
   1.0000000e+00  -2.3242490e-02   1.5328525e+00  -3.7165394e-01   2.1717098e-01   7.7101895e-02  -7.9611118e-01  -8.1968933e-01   5.5178768e-01  -2.1271185e+00  -5.7685076e-01
   1.0000000e+00  -6.6440392e-02   8.2216687e-01  -3.2906919e-02   2.8626238e-01   1.4746992e+00  -8.6134958e-01   7.5026533e-01   8.5674943e-01   8.5839829e-01   4.1621641e-01
   2.0000000e+00   4.6008863e-01   5.0287344e-01  -2.8525597e-01   1.0924093e+00  -1.1029396e-01  -8.0769486e-01  -1.6530887e+00  -5.7667731e-02  -2.2516455e-01   3.5586228e-01
   1.0000000e+00   2.2882366e+00  -1.0776666e+00   3.2967678e-01   2.3164599e-02  -8.2142591e-02   7.0891247e-01   4.4688563e-01   5.0817428e-01   2.8038859e-01   1.6315438e+00
   2.0000000e+00   4.4584336e-01  -1.2944982e-01  -6.8894543e-01  -6.0344284e-01  -9.5244908e-01   1.5010170e-02  -1.0932814e+00  -1.1774648e+00  -4.3893573e-01  -3.7471102e-01
   1.0000000e+00   1.4113488e+00   5.6145311e-02   1.3239916e-01   8.3825707e-02  -8.5181174e-01   8.8819753e-01  -1.5978670e+00  -3.7883942e-01  -8.9278473e-01  -4.9429180e-01
   2.0000000e+00  -9.7916474e-01   1.8255220e+00   9.2381394e-01   1.1350009e+00  -1.8959562e+00  -1.9970259e+00  -1.9745326e-01  -6.3569127e-01  -1.3053352e+00   4.6548943e-01
   2.0000000e+00  -6.6854484e-02  -4.2698270e-02   1.2619316e+00   1.1956833e-01  -1.9476925e+00   7.9402872e-01   5.1734933e-01   1.1861566e-02   1.0684914e+00  -3.1083530e-01
   1.0000000e+00  -1.1871107e-01   9.2955399e-01  -7.7663736e-01   1.5804217e-01   5.8284232e-01   2.3533803e-01   1.1134480e+00  -2.4210553e-01  -1.5494818e+00  -7.1299395e-01
   2.0000000e+00   6.2768615e-02   9.8511753e-01  -4.3253511e-01  -1.5488133e+00   4.6604683e-01  -1.8323024e-01  -4.7907740e-03   1.3125393e+00   1.2524307e+00   8.5518045e-01
   1.0000000e+00   6.9676497e-01   1.3590928e-02  -1.7779529e-01   5.2203013e-01  -4.2852370e-01  -7.2971923e-02   2.1159335e+00  -2.1704284e-01   2.4493801e-01  -1.8482991e+00
   1.0000000e+00  -1.0471952e-01  -4.9642334e-01  -5.0338128e-01   6.9248915e-01   9.8502479e-02  -5.5962225e-01  -1.2009756e+00   1.1586994e+00  -9.5452045e-01  -5.0287039e-01
   2.0000000e+00   2.7585788e-01   1.5715753e+00   6.9241803e-02  -1.1780047e-01  -6.3439350e-01  -1.8275747e+00   7.5354043e-01   1.0252042e+00  -4.6676747e-01  -2.9371097e-01
   2.0000000e+00   8.0891469e-01   6.3761591e-01  -1.2571070e+00  -2.0014827e+00  -2.7480989e-01  -3.3607054e-01   1.1850001e+00  -8.3609817e-01  -1.6211185e+00   4.0636266e-01
   1.0000000e+00  -1.1764309e+00  -6.4678703e-01  -1.6789330e-01   6.3579311e-01  -1.4795639e+00   9.2619407e-01  -1.3125646e+00  -1.1335538e-01   7.0068362e-01  -9.3905461e-02
   2.0000000e+00  -2.2791886e+00   5.8110636e-01  -1.4545587e+00   1.9032148e-01   4.1584779e-02   1.3723070e+00  -6.9781797e-01  -1.1125375e+00  -4.3816330e-02   2.0021886e+00
   2.0000000e+00   6.9107443e-01  -8.5294445e-02  -1.7669437e-01   4.2564347e-01   7.3402846e-01   1.9643262e+00   1.8678399e+00  -3.2506399e-01   3.7836143e-01   3.5322384e-01
   2.0000000e+00   6.8679430e-01  -1.4574287e+00   5.2970400e-01   1.8409150e+00   1.7132284e+00   1.2361777e+00   1.2172854e-01  -1.5634660e+00  -1.0541113e-01  -9.3650137e-01
   2.0000000e+00   2.5330092e-01   9.1948729e-01   1.0295849e+00   2.3385976e-01   2.5731932e-01   1.0922276e+00  -4.5492000e-02   2.7214164e-01  -6.3656693e-01   2.3486291e-01
   2.0000000e+00  -1.9380709e-01  -5.5822811e-01  -4.1794111e-01  -8.1275793e-02   2.3485617e+00  -3.4698622e-01  -8.1627381e-01   9.4261101e-01  -3.5776029e-01  -1.5883852e+00
   2.0000000e+00  -3.0075262e-02  -6.2882519e-01   4.9015398e-01   9.4880767e-01   8.4682935e-01   6.3466614e-01   1.2225263e+00  -2.0937036e+00  -5.6459626e-01  -2.5050609e-01
   2.0000000e+00  -3.7983756e-01   2.4300553e-01   7.0357418e-01  -1.9955069e-01   1.1638868e-01   6.1158534e-01  -9.9501473e-01  -1.4321718e+00  -6.2488787e-01   4.7313117e-01
   2.0000000e+00  -2.0027528e+00   2.4699819e-01   2.7176154e-01   1.6142854e+00   6.2351691e-01   5.5644757e-01  -8.0606297e-01   5.3732165e-01  -1.6541516e+00  -3.2455536e-01
   2.0000000e+00  -3.3159134e-01  -1.3786606e+00   5.1875541e-02  -7.9766279e-01  -1.5992349e+00  -5.9724138e-01   1.8382225e+00   1.0619434e+00  -1.1482832e+00  -3.9932632e-01
   2.0000000e+00  -1.7839817e-01  -1.0339715e+00  -1.1616587e+00  -9.2391054e-02  -1.6781033e+00   3.2335097e-01   1.2267636e-01   2.2991796e+00  -7.5543881e-01   1.3543422e+00
   2.0000000e+00  -1.6667390e-02  -7.3745143e-01   1.3058049e+00  -2.4392762e-02   3.2360522e-01   1.2255103e+00  -5.4672703e-01   5.2811570e-01  -2.2735119e-01   2.4732059e-02
   2.0000000e+00   1.5759636e+00  -1.4968650e+00  -3.9026176e-01   2.5602412e-01   1.6810451e+00   2.5266960e+00   4.2593806e-01  -3.2026685e-01  -1.0042116e+00  -2.9284369e-01
   2.0000000e+00   9.6788413e-01   5.3079699e-01   1.9825278e+00   1.4907975e+00  -4.9552708e-01   1.0586596e+00  -1.5765490e+00   1.7858680e+00   1.8274750e-01  -1.7174462e+00
   2.0000000e+00  -9.7858793e-01   2.4605646e-01  -7.5816479e-01   9.7950675e-01  -2.7431635e-01   5.8992047e-01  -1.4911353e+00   1.3859252e+00   1.2956306e+00  -1.6349409e+00
   2.0000000e+00  -6.8981406e-02  -9.9817195e-01   8.5839856e-01   1.6109057e+00  -2.9877954e-01   3.6676798e-01   2.6961588e+00  -3.3524680e-01  -3.3114053e-01  -5.7618416e-01
   2.0000000e+00  -4.5706544e-02   6.9657913e-02  -7.6855100e-01   2.0334055e+00  -1.0527779e-01   1.1129888e+00   8.2121953e-01  -9.3651566e-01   1.3006973e+00   6.2429746e-01
   2.0000000e+00  -6.3021225e-01  -2.8411814e-01   5.6977969e-01  -1.0472133e-02  -4.2064720e-01  -1.2626205e+00  -7.4803199e-01   1.4029805e+00   4.8898639e-01  -1.0552570e+00
   2.0000000e+00   9.5843462e-01   3.4118498e-01   1.1434791e+00  -1.9311838e+00  -1.4275747e-01  -1.1769063e+00  -7.7300197e-01  -1.3841259e+00  -1.9465433e-01   1.2216681e+00
   2.0000000e+00   8.3434752e-01   1.1887348e+00   1.1249414e+00   1.8171032e-01   9.7419561e-01  -1.0241676e-01   1.1959841e+00   1.7055689e+00  -1.8195064e+00   9.0418431e-01
   2.0000000e+00   2.4087640e-01  -6.9071301e-01   4.8773623e-01  -1.5196451e+00  -1.3192462e+00  -3.9834503e-01  -1.2293585e+00  -1.5228670e-01  -4.6133738e-02   7.2496310e-01
   2.0000000e+00   5.2828371e-02   6.8614402e-02  -1.6784084e+00  -1.1247193e+00  -1.3288229e+00  -6.0313088e-01  -2.1866356e-01  -1.0651423e+00   4.0176393e-01  -5.4383126e-01
   2.0000000e+00   7.8776841e-01   2.9277383e+00  -1.3743372e+00   5.2028665e-01  -9.2887977e-02  -1.2607227e+00   9.6290199e-01   1.4984003e-01  -3.9812825e-01   6.0646113e-01
   1.0000000e+00   6.0758071e-02  -3.8281969e-01  -3.2050707e-01   7.4323276e-02   1.1547370e-01  -1.8323969e-01   1.5575757e+00  -3.1127171e-01  -1.6171268e-01  -7.8646596e-01
   2.0000000e+00  -9.4638246e-01  -4.8770115e-01   9.8138678e-01  -5.5162173e-01  -1.1777893e+00   1.2916591e+00   4.4009634e-01   1.2631169e+00   1.7483970e-01  -3.6086115e-01
   2.0000000e+00   1.3997938e+00  -9.2138750e-01   3.8114895e-01  -1.1970701e+00  -1.1807242e+00   5.4575140e-01   4.0087647e-01  -5.0473748e-01   3.8422864e-01   5.6361184e-01
   2.0000000e+00   1.5149944e+00  -1.1843205e+00   6.7064382e-01   6.9069563e-01  -8.5821664e-01   2.6709858e-01   1.9277719e+00   1.2372983e+00   6.9988096e-01   1.3397590e+00
   2.0000000e+00   3.5620406e-01   3.8797271e+00   2.5963765e-01  -7.7040870e-01  -3.4506238e+00   8.0848032e-01   6.1704890e-01  -2.7805142e-01  -1.2716025e+00   2.4735340e-01
   2.0000000e+00  -1.1549539e+00   9.0239062e-02  -5.7794605e-01  -5.2058611e-01   1.0269704e+00  -2.4717753e+00  -3.4098803e-01  -6.5986292e-01   1.9816358e-01   1.5812324e-01
   2.0000000e+00  -6.9258028e-01  -1.1910867e+00  -2.7310825e-01  -1.2068950e+00  -7.1549772e-02   9.3768741e-01   6.6570479e-02  -4.3761040e-01  -6.1633304e-01   1.8376000e-01
   2.0000000e+00   6.7674200e-01  -1.4022948e+00  -1.1257231e+00  -7.5001906e-01   6.6540625e-01   7.0960240e-01  -7.2158637e-01  -3.1858287e-01  -5.7159281e-01  -7.8998711e-01
   1.0000000e+00   1.3732839e+00   6.5303325e-01  -1.5446408e-01   7.9015381e-01   1.0931990e+00  -9.3657390e-01   1.3958666e+00  -4.5672966e-01   3.4381717e-01   2.3163858e+00
   2.0000000e+00  -1.3822979e+00  -7.9515860e-01  -1.4476893e+00  -4.9283019e-01   2.0512593e+00   1.2528152e+00  -4.0453156e-01  -1.4797955e+00  -2.0169706e+00   1.6848048e+00
   1.0000000e+00  -9.0936037e-01  -9.6068829e-01   6.6270138e-01   2.9241259e-01  -1.4358065e-01  -2.2909554e-01  -3.9244865e-01  -1.0560018e+00   8.4116638e-01   2.8219335e+00
   2.0000000e+00   1.1597385e+00   9.4822458e-01   4.6257578e-01   1.0917281e+00  -5.5306140e-01  -1.9413779e+00  -2.7086773e-01  -1.0526946e+00  -9.4331141e-02   4.2305846e-01
   2.0000000e+00   1.1353235e+00  -2.2763198e-01  -7.4355509e-01   1.7475817e+00   1.5474774e+00  -1.7496621e+00   4.1248981e-01   4.1750285e-01   1.9011201e+00  -4.7060288e-01
   2.0000000e+00  -5.8554141e-01   6.2442126e-02  -1.1684303e+00  -6.2768699e-01   1.2455428e-02  -8.2839558e-01   2.1133671e-01  -3.8475275e-01   2.6645378e-01  -1.8434868e-01
   2.0000000e+00   2.4105071e-01  -6.8554146e-01   6.4353690e-01  -1.5895006e+00   8.6331986e-01   3.2783660e-02  -1.5937252e-01  -4.8785941e-01   8.7864371e-01   4.8771311e-01
   2.0000000e+00  -6.6423365e-01  -1.1157786e+00  -1.7519914e+00   1.7956553e+00   1.2070373e+00  -2.1076619e-01   1.0202839e-01  -1.3358637e+00   1.0994275e-01   8.7842653e-01
   2.0000000e+00   1.7021609e+00  -5.3963481e-01   3.7355773e-01  -2.3888176e+00   1.4252011e+00  -1.9024098e+00  -7.0146048e-01   2.9750642e+00  -2.3431013e-01  -8.3851143e-01
   2.0000000e+00  -1.9959526e-01  -9.3720043e-02   1.1806926e+00   2.3640564e-01   1.1119545e+00  -1.8278059e+00   8.9970872e-03  -1.2879808e-01  -9.1089296e-01  -1.3849796e-01
   2.0000000e+00  -2.1335342e+00   4.5209522e-01  -1.5203954e+00   1.1447031e+00  -4.8349114e-01   2.8713514e-01  -1.1881154e-02   9.1753296e-01   6.3951824e-01  -8.3017569e-01
   2.0000000e+00  -1.0372282e+00   1.6152527e-02   9.4451260e-01   9.0575357e-01   1.0201726e-01   2.1370615e-02   1.1476983e+00  -1.1363161e+00   1.9725563e-01   9.4789261e-01
   2.0000000e+00   5.7403344e-01   9.8848880e-01   1.9148551e-01  -1.5954049e+00  -4.8468343e-01   9.8732207e-02  -8.2601934e-01  -4.2847221e-01   8.4508956e-01  -3.2316460e-01
   2.0000000e+00  -1.2460485e-01   4.7591252e-01   6.4095422e-04  -6.3383305e-01  -1.9449444e+00   3.3532781e-01  -5.1805704e-01   1.6528496e-01  -1.7727656e-01   1.8266643e+00
   1.0000000e+00  -8.9085933e-01  -2.4133212e+00  -5.3236224e-02   8.2075791e-01  -7.7073685e-01  -1.1672933e+00   1.7049279e+00   2.2330665e+00  -9.9181299e-01  -4.2554584e-01
   2.0000000e+00  -6.4598412e-01   4.5151952e-01  -3.5491137e-01   7.2397251e-01   7.4589147e-01   2.1835308e+00  -1.6690947e-01  -1.8667482e+00   7.9558267e-01   6.9986050e-01
   2.0000000e+00   4.4143714e-01   3.9545074e-01  -2.5550709e-01  -7.9645663e-01   1.1641756e+00   1.3704202e-01   5.5345994e-01   5.9112129e-01  -1.9897883e+00  -2.5465518e+00
   2.0000000e+00  -1.1861446e+00   1.3050145e-02  -2.1051165e+00  -1.1844270e+00   4.4900808e-01  -4.7625500e-01   8.2485146e-01  -2.6202509e-01  -6.8145016e-01  -1.0313559e+00
   2.0000000e+00  -1.6316755e-02   4.2287015e-01   9.7937076e-01  -9.6214888e-01   9.8645039e-02  -8.1659920e-01  -5.8935224e-01   1.4212331e-01   1.4160675e+00  -5.0342988e-01
   1.0000000e+00  -9.2960460e-01  -3.2935381e-01  -1.4514073e-01   2.2205247e-01  -2.9701231e-01  -1.8347093e+00   8.5942543e-01   5.4239949e-02   7.1577169e-01  -3.2349174e-01
   1.0000000e+00   5.7632689e-01   4.4420129e-01  -1.0060095e-01   4.8273772e-01   2.7293630e-01  -1.3133855e+00   9.4073440e-02  -1.4754476e-01   6.8182393e-01   3.8196392e-02
   2.0000000e+00   3.9715570e-01   7.9617221e-01  -1.0212030e+00  -4.5049011e-02   1.3661824e+00  -5.9709122e-01   9.0741827e-01  -7.7731688e-01  -1.9755382e+00  -9.4034098e-01
   2.0000000e+00   6.0333216e-01   5.0850817e-01   7.4602536e-01  -1.0292470e+00  -2.0674771e-01  -9.6600763e-01   1.5201494e+00  -4.0997419e-01  -9.3448186e-01   7.5136034e-02
   2.0000000e+00   8.5991222e-02   5.4856957e-01   1.7694059e+00   9.6009357e-01  -1.2890710e-01   7.2923766e-01  -4.8771247e-01  -3.1909492e-01  -3.2605329e-01   9.7822863e-01
   1.0000000e+00   7.9378510e-01   1.2256859e+00  -2.9163635e-01   7.7787675e-01  -1.2541398e+00   3.5818967e-01   6.4276483e-01  -4.2755252e-01   6.6170150e-01   9.6169715e-01
   1.0000000e+00  -1.0031630e+00  -1.4522136e+00  -5.3790136e-02   1.3008430e-01   7.0631656e-01  -4.0826631e-02  -1.2870188e+00  -9.3808030e-01   8.7248255e-01   1.7446534e-01
   2.0000000e+00  -7.7332932e-01   1.0916810e+00   1.1882663e-03  -2.9872591e-01  -1.1857920e+00   8.7754803e-01   5.2898276e-01   1.7163122e+00   9.6688103e-01   1.2988790e+00
   2.0000000e+00  -2.1490323e+00   4.9192409e-01  -1.1196853e+00  -1.9974113e+00  -4.5142641e-01  -1.0635255e+00   1.9281338e+00  -2.7275266e-02   6.2755312e-01  -2.4072050e+00
   2.0000000e+00   9.5686141e-01   5.7886630e-01  -5.5992626e-01   1.1431663e+00  -6.2719185e-01   1.2231005e+00   4.2874712e-01  -4.7565709e-01   1.4043658e+00  -6.8777877e-01
   2.0000000e+00  -6.2982540e-03   1.1163280e+00   4.2293812e-02  -1.6258363e-01  -1.4352731e-01   1.1587589e+00  -2.7144372e-01   9.8249883e-03  -2.2034361e-01   1.1118127e+00
   2.0000000e+00   2.0524213e+00  -1.8067232e+00  -1.4134463e+00  -1.5694101e-01  -5.4718438e-01  -6.0428022e-01  -5.4390892e-01   2.7313712e-01   1.1314726e+00  -4.2904157e-01
   2.0000000e+00   8.4613164e-01   1.0463977e+00  -1.4884967e-01  -5.0293737e-01   9.3810503e-02   5.5949892e-01   1.2440794e+00   2.5362549e-01  -2.2988699e-01   8.2795111e-01
   2.0000000e+00   5.2026820e-01  -1.6361930e+00   5.7403153e-01   9.6750004e-01   1.0873640e+00   2.0912679e-01  -3.9024295e-01   1.2230957e+00   1.0943770e+00   4.9439102e-01
   2.0000000e+00  -1.2099075e+00   3.3373258e-01   1.2498719e+00   1.4211154e+00   1.2854800e+00   1.1312159e+00   1.0234002e+00   7.3264216e-01   3.3510526e-01   2.6230425e-01
   2.0000000e+00  -1.1858806e+00   3.7945260e-02   8.0668285e-01  -5.0525848e-01   2.3170512e+00  -1.5549871e-02   4.5597739e-01  -7.8166777e-02   3.4789691e-01  -7.7499250e-01
   2.0000000e+00   6.5395017e-01   4.2568493e-01  -2.7934341e+00  -2.0978419e-01   5.7975302e-01   9.7702412e-01  -7.5431305e-01   2.6306623e-01  -1.6233157e+00   3.0135037e-01
   2.0000000e+00   1.0039988e+00   1.6859488e-01   9.4108969e-01  -8.2397723e-01  -1.9814889e+00   1.0086360e+00   1.8435779e+00   2.7599996e-01  -3.7861662e-01  -4.5708655e-01
   2.0000000e+00  -6.7177082e-02   9.9596722e-01   7.8048842e-01   2.8879193e+00   2.2664460e-02  -9.4255712e-02   2.0894269e-01   7.2966753e-01   7.7699951e-01   6.1125957e-02
   2.0000000e+00  -7.9551333e-01  -3.5377418e-01   8.7401682e-01   5.1194026e-01   1.0327441e+00  -1.0431373e+00   1.8657536e+00   1.9540970e+00   1.9929821e-01  -3.4592235e-01
   1.0000000e+00  -1.6712504e+00  -1.0912358e+00  -3.4816722e-01   7.7956742e-01   9.2544175e-02  -2.2629539e-01   4.1757917e-01   2.0390041e-01  -1.1376227e+00   1.2537501e+00
   1.0000000e+00  -1.0379481e+00   1.1552304e+00  -5.5778120e-01   6.3763364e-01  -1.1821699e+00   2.6409539e-01   1.3985930e+00  -1.3090692e-02  -2.9560327e-01  -5.2667079e-01
   2.0000000e+00   1.3035313e+00  -3.5236644e-01   1.0027359e+00   2.7332324e-01  -5.7966104e-01   1.7867144e+00  -2.1057271e-01  -7.0106855e-01  -4.9245469e-01   7.2132533e-01
   2.0000000e+00   9.8706251e-01   4.4400331e-01   2.7238402e+00   8.0473694e-01   1.4799926e+00   1.5068547e+00  -1.3477995e+00  -5.6402136e-02  -1.4127179e+00   1.1885628e+00
   2.0000000e+00   6.6205615e-01  -3.2555570e-01  -9.0494686e-01   1.4569296e-01   7.7652759e-01  -5.0891206e-01   8.1712711e-01  -1.9938359e+00   9.6144666e-01   4.2729060e-01
   2.0000000e+00   1.4852540e+00  -9.6989831e-01  -9.5518281e-02  -1.7150977e+00   1.8938610e-01   1.4410658e+00   1.6515959e+00  -7.9406990e-01   3.0658859e+00  -4.9811938e-01
   2.0000000e+00   1.2897578e+00  -1.1312942e+00   3.1870041e-01  -7.6723434e-01  -1.1659728e+00   1.0800864e+00  -1.2174369e+00   1.7597653e+00   1.6022715e+00  -8.9088669e-02
